sample-id	Axis1_32_5	Axis2_17_9	Axis3_06_5
11829.A37.147.17	0.292484111	-0.122713591	0.188057509
11829.A43.172.9	-0.125592024	0.026142792	-0.028176283
11829.A36.146.11	0.143782977	0.101463386	-0.030044546
11829.A38.152.6	-0.190932712	-0.051343415	0.073619152
11829.A41.163.10	-0.161036786	0.055493867	0.009237694
11829.A38.151.10	0.198841354	0.076100278	0.012238151
11829.A42.168.21	-0.089336464	0.0050229	-0.09005674
11829.A40.159.17	-0.046764514	-0.015200953	-0.062337086
11829.A40.162.16	0.118202093	-0.115099625	0.061136847
11829.A37.149.18	0.239801188	-0.093233115	0.142025668
11829.A41.166.6	-0.031896673	-0.232266894	-0.247297551
11829.A43.174.16	-0.026228153	-0.08683189	0.007971485
11829.A41.165.8	-0.24770485	0.102309387	0.039458928
11829.A37.150.11	0.147257427	0.003492895	0.016117011
11829.A36.146.2	0.236239425	0.122325249	0.048453504
11829.A38.151.8	-0.02564243	0.059368984	-0.040195798
11829.A42.168.7	-0.358825761	-0.050211856	0.110151048
11829.A38.153.1	0.264574238	0.195990344	0.04924352
11829.A43.171.7	-0.020668894	-0.12587384	0.010008556
11829.A39.158.9	0.097114335	-0.099260531	0.075750626
11829.A43.173.9	-0.282621979	-0.07797939	0.097284297
11829.A42.170.9	0.002717617	-0.058093312	0.031140315
11829.A38.153.6	-0.029048212	0.035710672	-0.01000208
11829.A36.146.5	-0.017106606	0.120215056	-0.055036005
11829.A37.150.16	0.305419857	-0.103662903	0.153724659
11829.A43.174.11	-0.071170118	-0.06433456	-0.051592804
11829.A37.148.19	0.158256851	0.02207362	0.009743959
11829.A41.166.1	0.257392565	0.263531579	0.031786269
11829.A41.164.8	0.071352541	-0.111469288	-0.217905137
11829.A40.162.11	-0.056654581	-0.082746249	-0.013061956
11829.A40.159.10	0.163465822	0.001042779	0.010558416
11829.A42.169.20	0.2788688	-0.280873748	-0.156080529
11829.A38.151.17	0.230435468	-0.058983882	0.080927294
11829.A41.163.17	-0.103585448	-0.129567919	-0.016221537
11829.A38.152.1	0.166000967	0.467364999	0.0459534
11829.A42.169.7	-0.134286587	0.003684533	0.025710287
11829.A36.146.16	0.155870675	-0.054005831	0.036703556
11829.A37.147.10	0.071882621	0.200961132	-0.046670933
11829.A36.144.14	0.008035562	0.074523142	-0.046401308
11829.A42.167.21	-0.203559171	0.048959795	0.013739904
11829.A36.145.12	-0.186054652	-0.061210379	0.075476839
11829.A36.146.18	0.197424236	-0.055057508	0.054719304
11829.A42.169.9	0.108563503	-0.0379093	0.018854973
11829.A36.145.5	-0.215930584	-0.124490004	0.132572226
11829.A41.163.19	-0.042263706	-0.157024438	-0.067871639
11829.A38.151.19	0.205661961	-0.028418624	0.053048375
11829.A39.155.21	-0.011749936	-0.01324694	0.016981898
11829.A38.152.13	-0.009787214	0.187946709	-0.08433461
11829.A38.153.15	0.204632492	-0.082043856	0.043718217
11829.A40.160.13	-0.171908693	-0.060291319	0.010452922
11829.A40.161.15	0.150173713	-0.147056615	0.015037484
11829.A37.149.11	-0.205671692	0.274824106	-0.047494385
11829.A41.164.6	-0.138003439	-0.11518548	0.060462373
11829.A37.148.17	0.156332199	0.00532973	0.011806252
11829.A41.165.1	0.200113151	0.389230992	0.016747114
11829.A37.147.2	-0.035207513	0.135168126	-0.031217666
11829.A37.150.18	0.201838383	0.197163246	-0.002367431
11829.A36.144.2	-0.070177358	0.286010439	-0.05584304
11829.A43.171.21	-0.027625539	0.030104526	-0.078936847
11829.A38.151.1	0.133183499	0.52553836	0.070446382
11829.A38.153.8	0.209878972	-0.118977982	0.120574334
11829.A42.170.7	-0.173796374	0.020102481	0.014951901
11829.A43.173.7	-0.070489427	-0.095651621	-0.02454609
11829.A39.158.7	-0.104436629	-0.102552008	0.110223665
11829.A43.171.9	-0.164953926	-0.086980394	0.078865321
11829.A42.168.9	-0.061062936	-0.16228684	-0.120173189
11829.A38.151.6	-0.259518819	-0.044269269	0.065254723
11829.A36.144.5	-0.046958651	-0.081439065	0.048009875
11829.A37.147.5	0.051099467	0.025441476	-0.008084486
11829.A41.165.6	-0.17634578	0.154024924	-0.0444312
11829.A42.170.20	-0.149102272	-0.03769632	-0.169113184
11829.A43.174.18	-0.158323918	0.013932083	-0.006837744
11829.A41.166.8	-0.193644755	0.085788433	-0.008097121
11829.A37.148.10	-0.037451051	0.159335511	-0.045474809
11829.A41.164.1	0.147860071	0.453541081	0.056298869
11829.A38.154.20	0.198564039	-0.060561199	0.060836753
11829.A37.149.16	0.14550479	0.155705652	-0.019460716
11829.A41.166.20	0.122765011	-0.170968707	-0.199309037
11829.A40.162.18	-0.171634461	0.014794747	-0.018378297
11829.A40.161.12	0.227730139	-0.189976171	-0.134454955
11829.A40.159.19	-0.276751872	-0.050240755	0.0214525
11829.A40.160.14	-0.123712177	-0.063862334	-0.149190064
11829.A38.153.12	0.244398404	0.09447707	0.016673113
11829.A38.152.14	-0.000166774	0.058367569	-0.045748302
11829.A36.145.2	-0.26052933	-0.006361054	0.083623676
11829.A38.152.8	-0.300514826	-0.004396428	0.06481091
11829.A36.145.15	-0.114266487	-0.013967458	-0.01550037
11829.A36.144.13	0.002842307	0.045861441	-0.019743103
11829.A37.147.19	-0.021570005	0.049132063	-0.033363031
11829.A36.143.21	0.076532978	0.035383378	-0.031994972
11829.A43.172.7	0.023642382	-0.079840692	-0.126427439
11829.A39.155.6	-0.182244474	-0.08830905	0.127013079
11829.A42.167.6	-0.469099931	-0.142227877	0.264866197
11829.A42.168.13	-0.120198309	0.127578411	-0.051470028
11829.A39.157.16	0.201351207	-0.084699868	0.083622197
11829.A39.156.10	0.031315574	0.082118669	-0.043577631
11829.A36.143.5	-0.041015085	-0.005826529	0.00289136
11829.A40.161.6	-0.009872074	0.043823546	-0.077314303
11829.A42.169.15	0.199050261	-0.18748859	-0.026584329
11829.A40.159.3	-0.23423419	-0.097794995	0.114197571
11829.A41.165.16	-0.33355339	-0.030722643	0.046752213
11829.A37.150.3	0.046192192	0.064883929	-0.029519913
11829.A41.164.10	0.053137028	-0.123950863	-0.106259831
11829.A41.163.1	0.267639486	0.131925611	0.089006944
11829.A43.173.16	-0.03553706	-0.090528289	0.018195849
11829.A40.160.1	0.218684294	0.335257486	0.016833859
11829.A40.162.8	-0.007017864	-0.077578277	0.006294153
11829.A43.172.10	0.084592107	-0.016479196	-0.028006472
11829.A39.156.8	-0.113069991	0.123494833	-0.057077367
11829.A43.172.17	-0.116279027	-0.046700925	-0.053390813
11829.A40.160.6	0.277816844	-0.293577278	-0.170179917
11829.A43.173.11	0.014659077	-0.027710736	-0.030921675
11829.A41.163.6	-0.083158139	-0.103227754	0.055269381
11829.A41.164.17	0.050363794	-0.12530827	-0.226178611
11829.A37.150.4	-0.155582011	0.004269465	0.036952582
11829.A41.165.11	-0.282133523	0.003983614	-0.058746384
11829.A40.159.4	-0.274516006	-0.105153473	0.127920049
11829.A40.161.1	0.201490306	0.363288495	0.032481662
11829.A42.169.12	0.157159263	-0.09695452	0.044844265
11829.A39.156.17	0.322007466	-0.139053162	0.21754334
11829.A36.143.2	0.011113521	0.480658852	-0.025074748
11829.A39.157.11	0.051793378	0.104135238	-0.032666427
11829.A42.168.14	0.076179034	-0.035033292	-0.071027835
11829.A39.158.18	0.183646485	0.084866643	0.000819677
11829.A42.167.1	0.258156314	0.286753013	0.027339217
11829.A38.154.8	-0.226855281	-0.008668564	0.04777804
11829.A39.157.8	-0.292383474	-0.101365069	0.169123641
11829.A39.155.1	0.232625888	0.171070477	0.053896766
11829.A43.174.7	-0.143642337	-0.095956668	-0.076198528
11829.A43.174.9	-0.31503924	-0.062820368	0.110867144
11829.A39.157.6	0.071012105	0.141656426	-0.055128196
11829.A36.143.14	0.137463938	0.060962732	-0.022070118
11829.A38.154.6	-0.259921936	0.08700144	0.027222985
11829.A42.167.13	-0.071772286	0.129030103	-0.056337303
11829.A39.158.16	0.174147838	0.032359287	0.012810978
11829.A36.145.20	0.074883078	-0.063138104	0.015763156
11829.A38.152.21	-0.038922748	0.064441363	-0.043448198
11829.A39.156.19	0.214579371	-0.012776684	0.045655486
11829.A39.155.13	0.117848372	0.170678229	-0.025847991
11829.A38.154.15	0.179809388	0.100030915	-0.015565772
11829.A41.166.15	-0.055876928	-0.234918734	-0.147275905
11829.A37.148.3	-0.067548643	-0.08896663	0.067133056
11829.A41.164.19	-0.270023345	-0.028537257	-0.068145882
11829.A40.160.21	-0.136079239	-0.023957996	-0.106230516
11829.A41.163.8	-0.376832453	-0.110001299	0.153991849
11829.A37.149.4	-0.210493137	-0.105375207	0.091437916
11829.A42.170.15	0.123821387	-0.203732368	-0.052725934
11829.A43.171.13	-0.060535505	0.093329836	-0.13543571
11829.A40.160.8	0.041097151	-0.199500159	-0.083555091
11829.A40.162.1	0.25999813	0.283988627	0.036901403
11829.A43.172.19	-0.099635276	-0.004823726	-0.132518568
11829.A39.156.1	0.055581973	0.540498373	0.027493563
11829.A39.156.6	0.116138401	0.02248091	-0.008532525
11829.A40.162.6	0.182428514	-0.115605535	0.070566778
11829.A43.173.18	-0.074194825	0.048417991	-0.039376723
11829.A43.171.14	-0.011842349	0.043268982	-0.039293604
11829.A42.170.12	-0.012581586	-0.083213009	-0.067841917
11829.A37.149.3	-0.176481382	-0.114222475	0.112869953
11829.A41.165.18	-0.078623582	0.015512173	-0.082382023
11829.A37.148.4	0.06831164	0.17181554	-0.032289505
11829.A40.161.20	0.237335932	-0.211576385	-0.170345866
11829.A41.166.12	0.054877308	-0.05346693	-0.199326305
11829.A38.154.12	0.133675939	0.109769824	-0.029219063
11829.A39.155.14	0.09163461	0.128293086	-0.023064485
11829.A40.161.8	-0.089328749	-0.099208323	-0.102018804
11829.A38.153.20	0.124915417	0.070436422	-0.018605583
11829.A39.157.18	0.124173454	0.093871909	-0.02038221
11829.A36.144.21	0.195196732	-0.106015236	0.119896731
11829.A39.158.11	0.180299826	-0.099301479	0.082612284
11829.A42.167.14	-0.082688017	0.048650628	-0.022739061
11829.A42.167.8	-0.003132239	0.17647897	-0.051951401
11829.A36.143.13	0.17161558	-0.002737202	0.028715128
11829.A39.157.1	0.236369192	0.282365827	0.031447174
11829.A39.155.8	-0.217214549	-0.083500108	0.091941252
11829.A36.143.20	0.071959321	-0.073133696	0.007606686
11829.A37.147.18	-0.055265403	0.050899284	-0.033689852
11829.A43.172.6	0.152026411	-0.018953919	0.003377118
11829.A38.152.9	-0.224280924	0.0407387	0.009411861
11829.A36.145.14	0.062445164	0.079727222	-0.038337428
11829.A36.144.12	-0.125589864	0.070260749	-0.037160978
11829.A38.153.13	0.302841871	-0.114727151	0.1757093
11829.A38.152.15	0.004049268	0.077075344	-0.063685769
11829.A36.145.3	-0.231526425	-0.095519128	0.123414745
11829.A41.166.9	-0.059516768	-0.083262102	-0.091612952
11829.A37.148.11	-0.003615048	0.154022011	-0.065053789
11829.A37.149.17	0.151428343	0.015745028	0.016242043
11829.A38.154.21	0.140311555	-0.018658058	0.018732206
11829.A40.162.19	-0.078531265	-0.090907405	0.022804977
11829.A41.166.21	-0.095642617	-0.147036773	-0.13483598
11829.A40.161.13	0.104242797	0.007702145	-0.230893881
11829.A40.159.18	0.022416024	-0.094395207	0.027991799
11829.A40.160.15	-0.157209932	-0.085825212	-0.021305476
11829.A37.147.4	-0.149796265	-0.066620772	0.062700675
11829.A41.165.7	-0.23148351	0.124115693	0.016168913
11829.A43.174.19	-0.121888574	-0.067889931	-0.077370368
11829.A42.170.21	-0.144154491	-0.135802859	-0.106294597
11829.A36.144.4	-0.001288866	-0.133061867	0.082757489
11829.A42.170.1	0.270165235	0.229422163	0.066229775
11829.A42.168.8	-0.024821462	-0.136659398	-0.012343397
11829.A38.151.7	-0.239044753	0.056207374	0.038997093
11829.A39.158.1	0.238902845	0.224228656	0.041278397
11829.A43.171.8	0.083857767	6.61E-05	-0.053897945
11829.A43.173.1	0.107775263	0.369108741	0.005116051
11829.A43.173.6	-0.209773006	-0.089962349	0.078179816
11829.A39.158.6	0.103929924	-0.089107889	0.06016983
11829.A38.153.9	0.222213141	-0.117446103	0.159000792
11829.A42.170.6	0.057102839	-0.116880671	0.07033577
11829.A37.150.19	0.226525753	0.019186443	0.056726455
11829.A43.171.20	0.04456349	0.012346088	-0.092305414
11829.A36.144.3	-0.053969631	-0.107761382	0.076598069
11829.A37.147.3	-0.028052353	-0.092882352	0.052747496
11829.A40.160.12	-0.073487301	-0.116181117	0.064167044
11829.A40.161.14	0.164682114	-0.094130046	0.048528566
11829.A37.149.10	-0.125646384	0.08665058	-0.002896097
11829.A41.164.7	-0.232309293	-0.206995915	-0.10385302
11829.A37.148.16	0.15659408	0.220055816	-0.040192932
11829.A36.145.4	-0.138881946	-0.08800644	0.072812641
11829.A41.163.18	0.117588522	-0.057412687	-0.000378934
11829.A39.155.20	-0.029874086	0.019169433	-0.020820917
11829.A38.151.18	0.242068198	-0.067320323	0.127050716
11829.A38.152.12	0.165028594	0.032230086	-0.005717089
11829.A38.153.14	0.175058648	0.079663906	-0.025767018
11829.A36.144.15	-0.068657906	-0.017551033	-0.009616602
11829.A42.167.20	-0.115490423	-0.013486087	-0.001465856
11829.A36.145.13	-0.157726609	-0.069491091	0.064330714
11829.A36.146.19	0.067437175	-0.001011403	-0.031052206
11829.A42.169.8	0.269340954	-0.101191189	0.185654056
11829.A43.172.1	0.224775583	0.214718337	0.048019958
11829.A37.147.11	0.075442656	0.073213419	-0.030523291
11829.A42.169.6	-0.158959838	0.071689724	0.007726373
11829.A36.146.17	0.169610857	-0.094053973	0.07987745
11829.A42.169.21	0.15185349	-0.251854956	-0.13895083
11829.A38.151.16	0.021386194	0.039369395	-0.057431903
11829.A41.163.16	-0.155976112	-0.045850795	-0.149116614
11829.A37.148.18	0.066612689	0.167315028	-0.041147308
11829.A41.164.9	0.131458169	-0.112475806	-0.155592712
11829.A40.162.10	0.022551043	-0.09758526	0.037908205
11829.A40.159.11	0.149590581	-0.017979649	-0.134276922
11829.A43.174.10	-0.304823611	-0.065832177	0.107466032
11829.A36.146.4	0.035877407	-0.018192397	0.00329915
11829.A37.150.17	0.219989822	-0.025167344	0.11398785
11829.A42.170.8	-0.062592243	0.057205315	-0.003597421
11829.A38.153.7	0.089146688	-0.126782993	0.096768057
11829.A42.168.1	0.241245501	0.303749542	0.039539623
11829.A39.158.8	-0.059991319	0.19444984	-0.04650623
11829.A43.171.1	0.249806036	0.262399129	0.043381633
11829.A43.173.8	-0.159708653	0.034160768	-0.011586516
11829.A43.171.6	0.196141364	-0.138266516	0.106242767
11829.A38.151.9	-0.002217398	0.06627614	-0.049512728
11829.A42.168.6	0.01279246	-0.057811661	0.03106557
11829.A37.150.10	0.017082273	0.200136459	-0.062619841
11829.A36.146.3	0.155163605	0.193208768	-0.002210462
11829.A43.174.17	-0.254676961	0.054554523	0.029779814
11829.A41.165.9	-0.116360843	0.08269149	-0.035244815
11829.A40.159.16	0.093315046	-0.022359227	-0.04343997
11829.A40.162.17	0.035137729	-0.117216957	0.050165678
11829.A37.149.19	0.177032936	0.068295818	0.014172976
11829.A41.166.7	-0.089930296	-0.249904583	-0.223677745
11829.A41.163.11	-0.084939356	-0.009443101	-0.120903388
11829.A38.151.11	0.291609369	-0.1117323	0.198682791
11829.A42.168.20	-0.012243798	-0.095079083	-0.090824384
11829.A36.146.10	0.031915138	0.169767409	-0.0756614
11829.A42.169.1	0.20674807	0.298730297	0.030122748
11829.A38.152.7	-0.379357146	-0.087605957	0.15292761
11829.A37.147.16	0.029034315	-0.009775073	-0.02475363
11829.A43.172.8	0.153833549	-0.047463451	-0.035845748
11829.A36.143.12	-0.112725816	0.21337529	-0.074523186
11829.A39.155.9	0.06119399	0.014960994	0.005566469
11829.A36.144.20	0.047412041	-0.056426716	0.014512968
11829.A39.158.10	0.057638956	-0.032174669	0.019650289
11829.A42.167.15	-0.205283704	-0.011128424	0.037858109
11829.A42.167.9	-0.042185988	-0.00610748	-0.011116931
11829.A39.155.15	0.037801034	-0.030222851	0.008213562
11829.A40.161.9	-0.182669744	-0.011061022	-0.057666559
11829.A39.157.19	0.185912687	0.112623261	0.024860426
11829.A38.153.21	0.096640429	0.109435184	-0.039128203
11829.A40.161.21	0.167324638	-0.049166679	-0.147239033
11829.A37.148.5	-0.048044838	-0.09528265	0.073750348
11829.A41.165.19	-0.219353691	-0.111395056	0.122399681
11829.A41.166.13	0.186892649	-0.278904821	-0.198471396
11829.A38.154.13	-0.027301176	0.107389396	-0.065366555
11829.A42.170.13	0.007945358	-0.15107234	-0.224165909
11829.A37.149.2	0.000542519	0.104644717	-0.03458287
11829.A40.162.7	0.208251198	-0.115162504	0.100538587
11829.A43.173.19	0.036788687	0.007419259	-0.035898101
11829.A43.171.15	-0.055973529	-0.021980796	-0.007098235
11829.A39.156.7	-0.163822383	0.123879596	-0.012652297
11829.A43.171.12	-0.168376129	0.071344629	-0.006196568
11829.A40.160.9	0.124086028	-0.12975707	-0.05524034
11829.A43.172.18	-0.000374547	-0.051788274	-0.02011553
11829.A37.149.5	-0.118915973	0.04035936	-0.00643144
11829.A41.163.9	-0.286384357	-0.013139045	0.080838532
11829.A42.170.14	-0.012994824	-0.046949195	-0.126510818
11829.A38.154.14	0.145999518	0.10895352	-0.021585364
11829.A41.166.14	0.157403852	-0.298837035	-0.208890812
11829.A37.148.2	0.150708568	0.114955178	-0.005165962
11829.A40.160.20	-0.022448869	-0.086715372	-0.061821818
11829.A41.164.18	0.156103274	-0.146493381	-0.133475486
11829.A39.156.18	0.066035286	-0.018384488	-0.01371646
11829.A38.152.20	0.065608099	0.007362103	-0.022695797
11829.A39.155.12	-0.285475135	0.222478327	0.003017442
11829.A38.154.7	-0.245491134	0.060052249	0.033693045
11829.A42.167.12	-0.065334958	0.119272649	-0.04957518
11829.A36.145.21	0.074552896	-0.076937646	0.012808508
11829.A39.158.17	0.200997545	-0.01410566	0.071824508
11829.A43.174.8	-0.023556873	0.007793247	-0.056098289
11829.A39.157.7	0.218194808	-0.115790174	0.163991093
11829.A36.143.15	0.065170554	0.127668984	-0.070007726
11829.A39.157.9	0.152473341	-0.086245569	0.09614934
11829.A43.174.6	-0.065698791	-0.04937675	-0.054121401
11829.A39.158.19	0.114220192	0.014462948	0.011577265
11829.A38.154.9	-0.215791934	0.002311778	0.041264307
11829.A40.159.5	-0.233148035	0.117037451	0.000742493
11829.A42.169.13	0.168574286	-0.115493818	-0.259689995
11829.A36.143.3	0.154770847	0.001430731	0.033657524
11829.A39.156.16	0.091352518	-0.019892	-0.033757524
11829.A39.157.10	0.218279697	-0.068743346	0.130422731
11829.A42.168.15	-0.169271126	0.033119068	-0.132436106
11829.A41.164.16	0.225994297	-0.18468418	-0.19424554
11829.A37.150.5	-0.042797913	-0.091682557	0.052161796
11829.A41.165.10	-0.132934352	0.110937403	-0.118335843
11829.A41.163.7	-0.261192381	0.024330609	0.054449989
11829.A43.172.16	-0.092926852	0.051071036	-0.048236555
11829.A43.173.10	-0.068511779	0.067847648	-0.033494541
11829.A40.160.7	0.184138809	-0.251191125	-0.215956468
11829.A39.156.9	0.130602525	0.021932204	0.004120404
11829.A43.173.17	-0.087597982	-0.067419757	0.005902598
11829.A40.162.9	-0.059150634	0.03838021	-0.068222463
11829.A43.172.11	0.009691885	0.03006947	-0.087496133
11829.A41.165.17	-0.217301003	-0.04425679	-0.07697969
11829.A37.150.2	0.237777408	-0.011021914	0.088692554
11829.A41.164.11	0.108681457	-0.001023938	-0.208491069
11829.A42.168.12	-0.209174886	-0.071536269	0.068621464
11829.A39.157.17	0.309482133	-0.121505397	0.229679745
11829.A36.143.4	0.10339924	-0.097464278	0.067956992
11829.A39.156.11	-0.091368302	0.031927899	-0.062958197
11829.A42.169.14	0.140657181	-0.217636701	-0.14222665
11829.A40.161.7	-0.005118285	0.065027272	-0.142720332
11829.A40.159.2	0.279226809	-0.088804007	0.113003525
11829.A42.167.7	-0.122752722	0.037755254	0.004560142
11829.A43.174.1	0.264283536	0.210711223	0.062700498
11829.A39.155.7	-0.246977462	0.047115103	0.04671114
11829.A42.167.16	-0.070347632	-0.056108236	0.039064037
11829.A39.158.13	0.150278069	-0.040485451	0.034511094
11829.A38.154.3	-0.412171388	-0.107202362	0.195942476
11829.A36.143.11	0.22380454	-0.086908897	0.132647532
11829.A39.157.3	-0.28219194	0.166843567	0.034256697
11829.A37.148.6	-0.32651662	-0.05351662	0.10715474
11829.A41.166.10	0.022517156	-0.086558241	-0.147405051
11829.A38.154.10	0.07584124	0.04322606	-0.021054017
11829.A37.148.20	0.212601913	-0.006031845	0.057055972
11829.A39.155.16	0.168611098	0.019202006	0.029416419
11829.A42.169.19	0.139498355	-0.244914793	-0.248116249
11829.A36.143.9	-0.042946824	0.265089454	-0.070332314
11829.A40.162.4	-0.352247856	0.039701386	0.066702073
11829.A43.171.16	0.178555509	-0.04908695	0.030794502
11829.A42.170.10	-0.033442807	-0.013328098	-0.091763626
11829.A37.149.1	0.321607373	-0.087304713	0.252685976
11829.A39.156.4	-0.247290534	-0.063093193	0.068079877
11829.A39.156.3	-0.218021475	-0.125231928	0.149941777
11829.A37.149.6	-0.155757692	-0.000541522	0.046218108
11829.A42.170.17	-0.185288688	0.018578426	-0.102272977
11829.A43.171.11	-0.043334924	-0.031700277	-0.063678681
11829.A40.162.3	-0.138674344	-0.099259979	0.090818186
11829.A42.168.18	0.105802286	-0.067871657	0.010905193
11829.A39.155.11	0.13161224	-0.001608618	-0.000677684
11829.A40.159.8	0.058180687	-0.046785174	-0.066593084
11829.A37.149.21	0.01339712	0.059883678	-0.042767945
11829.A38.154.17	0.154564285	-0.011779581	0.0081456
11829.A41.166.17	-0.035262338	-0.20560421	-0.153435411
11829.A37.148.1	0.277477573	0.224263119	0.064194287
11829.A37.150.8	-0.148195574	-0.005928948	0.00857215
11829.A39.157.4	0.164207553	0.066728159	0.035223864
11829.A36.143.16	-0.232923988	0.132822083	0.015643325
11829.A38.154.4	-0.28609533	-0.034025239	0.095223294
11829.A39.158.14	-0.016957755	0.090594235	-0.053809792
11829.A42.167.11	-0.001510884	0.148130411	-0.059174702
11829.A42.167.3	-0.134716342	0.003143079	0.02892283
11829.A36.143.18	-0.031889924	0.089597277	-0.060271174
11829.A37.147.20	0.18302607	-0.07859418	0.082188719
11829.A39.155.3	-0.283589988	-0.116047685	0.197380439
11829.A43.174.5	-0.052448083	-0.108767721	0.034065189
11829.A40.159.20	-0.119106373	0.000232649	-0.126908439
11829.A37.150.6	-0.173156158	0.003376217	0.020137663
11829.A41.164.15	0.002679211	-0.18363535	-0.203493687
11829.A41.165.13	-0.244711748	0.015373649	-0.039764909
11829.A40.162.21	-0.062661206	-0.063966655	-0.005658905
11829.A41.166.19	-0.110724124	-0.188426517	-0.138288971
11829.A38.154.19	0.017319898	-0.018070241	-0.008892704
11829.A40.159.6	0.139387731	-0.020924705	-0.016015675
11829.A39.156.15	0.185854979	-0.08349708	0.044100088
11829.A42.169.10	-0.11245977	0.059465274	-0.017941919
11829.A40.161.3	-0.319284527	-0.053616925	0.097842291
11829.A42.168.16	0.098489076	-0.109297147	-0.016513512
11829.A39.157.13	0.015668468	0.166379022	-0.067784992
11829.A43.172.15	-0.004259412	-0.076477959	-0.015390887
11829.A43.173.13	-0.092278709	-0.06844183	-0.058813846
11829.A40.160.4	0.034150212	-0.066039413	0.028234698
11829.A43.174.21	-0.184740832	-0.039632811	0.023944459
11829.A42.170.19	-0.1081108	0.017821325	-0.142338786
11829.A41.163.4	-0.255383886	0.158963257	0.023258823
11829.A37.149.8	-0.139466261	0.070147434	-0.006545086
11829.A41.163.3	-0.237928636	-0.094812814	0.140645464
11829.A43.171.18	-0.173441866	0.104506514	-0.06398473
11829.A40.160.3	-0.114668141	0.008169783	-0.011678536
11829.A43.173.14	0.011602332	-0.097915502	0.018735575
11829.A37.150.21	0.140142665	0.107985191	-0.011749915
11829.A43.172.12	-0.004392764	0.073831964	-0.091782635
11829.A39.157.14	0.065495384	-0.062153541	0.010079837
11829.A42.168.11	-0.188217143	-0.11283127	-0.037627286
11829.A42.169.17	0.073782	-0.18523349	-0.191885751
11829.A40.161.4	-0.248593244	-0.016071089	0.037628993
11829.A36.143.7	-0.054469576	0.270441381	-0.057711633
11829.A39.156.12	0.170695261	-0.015473276	0.017796436
11829.A40.159.1	0.212836035	0.399666591	0.027604667
11829.A39.155.18	0.285171849	-0.107452819	0.183887505
11829.A38.151.20	0.283768998	-0.103295225	0.176428664
11829.A41.163.20	0.049110871	-0.167012521	-0.214115892
11829.A37.148.8	0.0333586	-0.082577264	0.035234217
11829.A41.165.14	-0.02911263	-0.143664015	-0.129081005
11829.A41.164.12	0.185894909	-0.135118503	-0.183361494
11829.A37.150.1	0.23180803	0.347576124	0.035720429
11829.A43.174.2	-0.361915839	0.205256815	0.043311375
11829.A39.155.4	-0.214012823	-0.023516893	0.079230248
11829.A36.146.21	0.126525507	-0.086567561	0.052967083
11829.A42.167.4	-0.213550816	0.13269908	0.014356089
11829.A42.167.18	-0.259297396	0.079155234	0.035688869
11829.A36.145.17	-0.167438182	-0.085101587	0.068324967
11829.A39.158.21	0.133055001	0.102939652	0.023885923
11829.A36.144.11	0.203319052	-0.107984022	0.126848543
11829.A43.172.5	-0.022858369	0.099442145	-0.072371615
11829.A37.148.12	0.049960324	0.134686314	-0.062897856
11829.A41.164.3	-0.246926957	-0.045051718	0.105994021
11829.A37.149.14	0.184697364	0.187783519	-0.000668215
11829.A40.161.10	0.074627407	-0.071200062	-0.059045455
11829.A40.160.16	0.111215253	-0.180309892	-0.092506024
11829.A38.153.10	0.2278576	-0.048831685	0.116237311
11829.A38.152.16	0.161611149	0.151284472	-0.029707398
11829.A36.144.7	-0.281627658	0.054151083	0.058820879
11829.A41.165.4	0.086751728	-0.166658111	-0.143519263
11829.A37.147.7	-0.061437407	-0.042883533	0.033761929
11829.A39.158.2	-0.090981737	0.167100154	-0.028620315
11829.A43.173.2	-0.181351991	-0.034894639	-0.069671878
11829.A42.170.2	-0.091682976	0.089653437	-0.000843494
11829.A38.151.4	-0.295321863	-0.008729138	0.090929802
11829.A38.151.3	-0.31079133	-0.085453847	0.127639013
11829.A42.170.5	-0.211485268	0.107362862	0.035262348
11829.A43.173.5	-0.191023918	0.131039133	-0.028294729
11829.A39.158.5	-0.128673102	0.205595894	-0.050690896
11829.A41.165.3	-0.048173885	-0.165143085	-0.127960629
11829.A36.146.9	-0.129955429	0.141251019	-0.021194459
11829.A36.145.7	-0.305763291	-0.08084077	0.136212688
11829.A38.152.11	0.20481566	-0.092028435	0.090906663
11829.A38.153.17	0.322206231	-0.134398767	0.212810783
11829.A40.160.11	0.008442274	-0.108601497	0.045855758
11829.A40.161.17	-0.095983503	0.151423541	-0.056930771
11829.A37.149.13	0.226078959	-0.085352561	0.123090565
11829.A41.164.4	-0.108268834	0.162421911	-0.041236063
11829.A37.148.15	0.04898074	0.08263604	-0.044966112
11829.A43.172.2	-0.038338899	0.182587653	-0.032714242
11829.A36.144.16	0.268701581	-0.114594866	0.173750586
11829.A36.145.10	-0.253518173	0.001547671	0.07001788
11829.A42.169.5	-0.084951947	0.052956833	0.004052093
11829.A38.152.3	-0.249460068	-0.125666765	0.171918743
11829.A36.146.14	0.131460036	-0.035296671	0.017551927
11829.A36.144.18	0.124228321	0.091633893	-0.022858022
11829.A37.147.12	0.048564372	0.053724361	-0.039297333
11829.A41.166.3	-0.159471626	-0.058227457	0.092969205
11829.A40.162.13	0.108893378	0.00082061	-0.029963348
11829.A40.161.19	-0.09698769	-0.11094302	-0.048150233
11829.A41.165.21	-0.051378936	-0.102392352	0.018905004
11829.A40.159.12	-0.142453669	-0.009585176	-0.01043172
11829.A39.157.21	0.229747773	0.001382567	0.072109425
11829.A38.153.19	0.303964412	-0.125046622	0.207285401
11829.A38.151.15	0.184044283	-0.047814378	0.04188283
11829.A41.163.15	-0.2731228	-0.133515548	-0.045821492
11829.A36.145.9	-0.208033279	-0.041957543	0.094879412
11829.A36.146.7	-0.189057363	0.002011438	0.013938358
11829.A43.173.21	0.04075689	-0.011704619	-0.038308567
11829.A37.150.14	0.224551742	-0.021597562	0.093662055
11829.A43.174.13	-0.217590042	0.054521981	-0.032472196
11829.A43.171.2	-0.306597269	0.003780104	0.058257273
11829.A42.168.2	-0.340618909	0.221648319	0.049380145
11829.A38.153.4	0.003506656	-0.036072532	0.022479418
11829.A38.153.3	0.004481397	0.123438078	-0.041075206
11829.A42.168.5	-0.243917997	0.051254289	0.041898449
11829.A43.171.5	-0.005073567	-0.071892173	0.022224047
11829.A43.174.14	-0.14910702	-0.040869249	0.031533131
11829.A37.147.9	0.140347233	-0.089765318	0.074859627
11829.A37.150.13	0.023985297	0.118847701	-0.057748634
11829.A43.172.20	-0.068906824	-0.00392436	-0.075147573
11829.A36.144.9	0.240262212	-0.101177883	0.16385998
11829.A41.163.12	0.010718153	-0.167320997	0.013307502
11829.A38.151.12	0.289122846	-0.120636078	0.195054495
11829.A39.156.20	0.198595622	-0.06736648	0.078869518
11829.A38.152.18	0.190633056	0.075384855	0.005582591
11829.A40.160.18	0.106240659	-0.092255029	-0.087675807
11829.A41.164.20	0.020970866	-0.148272735	-0.22135244
11829.A40.159.15	0.018203383	-0.076718019	-0.012234547
11829.A40.162.14	0.132413085	0.042191721	-0.042356149
11829.A41.166.4	-0.101357078	-0.133538592	0.121662489
11829.A37.147.15	-0.012801851	-0.050540365	-0.001699493
11829.A36.145.19	-0.160447033	-0.058346678	0.040496537
11829.A36.146.13	0.160555261	0.014441369	0.035743875
11829.A38.152.4	-0.225823887	0.196032611	-0.009554935
11829.A42.169.2	0.023559663	0.130544215	-0.027135529
11829.A36.146.20	0.209991382	-0.115308741	0.115447726
11829.A42.167.5	-0.232769357	0.235347688	0.000515226
11829.A42.167.19	-0.091196528	-0.080162895	0.037478556
11829.A43.174.3	-0.123332295	-0.12009181	0.080934177
11829.A39.155.5	-0.130347736	-0.125552946	0.129231931
11829.A41.165.15	-0.168948633	-0.10675682	0.111398917
11829.A37.148.9	-0.031852032	0.127209785	-0.036131079
11829.A41.164.13	0.091291511	-0.146486508	-0.233392008
11829.A39.157.15	0.109341069	-0.045329095	0.020785742
11829.A42.168.10	0.06678049	-0.131558559	0.037621085
11829.A40.161.5	0.043772416	-0.043501575	-0.021440719
11829.A42.169.16	0.155860681	-0.156227644	-0.074418242
11829.A39.156.13	0.14925021	0.093301477	-0.026564616
11829.A36.143.6	0.176192726	-0.121704358	0.132199542
11829.A38.151.21	0.175770381	0.084308378	0.012426103
11829.A39.155.19	0.014130228	0.057644427	-0.031181568
11829.A41.163.21	-0.093176961	-0.166505796	-0.155610566
11829.A43.171.19	-0.078879896	0.129307393	-0.098158977
11829.A43.173.15	-0.207519198	-0.103654517	0.088651987
11829.A40.160.2	-0.130639176	-0.021371802	0.005270574
11829.A37.150.20	0.153550023	0.018411605	0.011547744
11829.A43.172.13	-0.074444387	0.025268882	-0.070828365
11829.A41.163.2	-0.032527926	0.214633394	-0.055120046
11829.A42.170.18	-0.068161124	-0.128306988	-0.237722304
11829.A43.174.20	-0.08489994	-0.09306077	-0.097470177
11829.A37.149.9	0.002508327	0.041292652	-0.017574643
11829.A41.163.5	-0.261337858	-0.086707107	0.105460271
11829.A43.172.14	-0.197238159	0.035333662	-0.014872254
11829.A40.160.5	0.165939676	-0.121316633	0.033954856
11829.A43.173.12	0.06391273	-0.055708846	0.017936471
11829.A40.159.7	0.141176649	-0.07900707	0.000338658
11829.A39.156.14	0.218778861	0.001114795	0.029851425
11829.A36.143.1	0.239547123	0.311567796	0.035627768
11829.A40.161.2	0.009218664	-0.103947124	0.040052913
11829.A42.169.11	0.092561741	-0.128902836	-0.177763782
11829.A42.168.17	0.048460958	-0.086986437	-0.117247003
11829.A39.157.12	0.222509579	-0.107936021	0.145167308
11829.A37.150.7	0.090099735	0.315470642	-0.029571153
11829.A40.159.21	0.149089485	0.025005542	-0.205706127
11829.A41.164.14	0.013753252	-0.092206874	-0.067378126
11829.A41.165.12	-0.179404884	0.08688717	-0.042204669
11829.A41.166.18	0.115575896	-0.17641824	-0.022247668
11829.A40.162.20	0.134464971	-0.095850411	0.0157893
11829.A38.154.18	0.239378176	0.054784233	0.065872339
11829.A37.147.21	0.010959401	0.098823524	-0.06543388
11829.A36.143.19	0.10244215	0.01549389	-0.030192545
11829.A39.155.2	0.07081152	-0.112707026	0.078416464
11829.A43.174.4	-0.13220259	0.04795892	-0.013922145
11829.A42.167.2	0.213210948	0.009483845	0.076867096
11829.A38.154.5	-0.014333519	0.0241563	-0.010350855
11829.A39.158.15	0.145603436	-0.067958842	0.043190362
11829.A42.167.10	0.013874445	0.061381792	-0.028255615
11829.A39.157.5	0.072193556	-0.053292442	0.025623044
11829.A36.143.17	0.010617199	-0.038419135	-0.011675069
11829.A38.154.16	0.073881871	-0.077787658	0.009786204
11829.A37.149.20	0.1709577	0.031739347	0.018128313
11829.A41.166.16	0.079235847	-0.253109833	-0.177752323
11829.A37.150.9	0.217513811	0.051982123	0.035179017
11829.A42.168.19	-0.065313619	-0.041430644	-0.125522264
11829.A40.159.9	-0.093956913	-0.064553619	-0.157345648
11829.A39.155.10	-0.107245719	0.054416052	-0.027396454
11829.A43.171.10	-0.131940899	0.114253335	-0.077972831
11829.A40.162.2	0.215630224	-0.037513691	0.066505442
11829.A37.149.7	-0.303553917	0.101578859	0.04800998
11829.A42.170.16	-0.069870022	-0.154224137	-0.140573607
11829.A39.156.2	0.117185108	0.199814154	-0.017550604
11829.A39.156.5	-0.146391615	0.220716966	-0.070140801
11829.A42.170.11	-0.050219723	-0.073340694	-0.234368979
11829.A40.162.5	-0.045719244	0.02014906	-0.025170234
11829.A43.171.17	0.132853768	0.018570416	-0.017050786
11829.A39.155.17	0.067041486	0.141555269	-0.051366833
11829.A42.169.18	-0.099688401	-0.005161567	-0.097420715
11829.A36.143.8	-0.05747243	0.249572321	-0.068818812
11829.A37.148.7	-0.13790231	-0.000777794	0.023772195
11829.A41.166.11	0.296749128	-0.245724206	-0.15358897
11829.A38.154.11	0.080875075	0.139138983	-0.026331413
11829.A37.148.21	0.19169159	0.034487645	0.016308603
11829.A36.143.10	0.177917992	0.050501763	0.038860502
11829.A39.157.2	0.014409302	0.16705154	-0.028199826
11829.A42.167.17	-0.233809176	-0.037526594	0.067408781
11829.A39.158.12	-0.012078482	0.088479538	-0.03416791
11829.A38.154.2	-0.254588383	0.108711264	0.032658484
11829.A36.145.18	0.044592342	-0.092274961	0.047667839
11829.A36.146.12	0.207597539	0.111527164	0.020181965
11829.A38.152.5	-0.099690135	-0.08439137	0.058950717
11829.A42.169.3	-0.200026469	0.122722426	0.00789067
11829.A37.147.14	0.026034161	0.204155631	-0.061849457
11829.A41.164.21	-0.22591249	-0.072870868	-0.009014135
11829.A40.160.19	-0.025569847	-0.123014337	-0.097927286
11829.A40.159.14	0.124036041	0.008745925	0.01327359
11829.A40.162.15	-0.047381271	-0.109392088	-0.021368013
11829.A41.166.5	0.164085435	-0.16088655	-0.119772983
11829.A41.163.13	-0.046372484	-0.222781444	-0.168740304
11829.A38.151.13	0.119535661	0.107166035	-0.038169304
11829.A38.152.19	-0.039937204	0.122535321	-0.05772288
11829.A39.156.21	0.151689013	-0.037744442	0.037130589
11829.A37.150.12	0.143073993	0.235366983	-0.032710199
11829.A43.172.21	-0.08226315	0.023649914	-0.01508401
11829.A36.144.8	-0.24857986	0.054272711	0.051047237
11829.A36.146.1	0.093154302	0.062699813	0.274795972
11829.A43.174.15	0.004623755	-0.038057151	-0.025503786
11829.A37.147.8	-0.165901516	0.10279982	-0.025934552
11829.A43.171.4	-0.097180932	-0.032404767	0.017849451
11829.A38.153.2	-0.277328474	0.071040899	0.067456595
11829.A42.168.4	-0.312633835	-0.052943714	0.122633803
11829.A42.168.3	-0.264686645	0.034215601	0.070402683
11829.A38.153.5	0.280329504	-0.13316926	0.217739534
11829.A43.171.3	-0.243089706	-0.057007356	0.030709975
11829.A43.174.12	-7.05E-05	-0.011396021	0.00425868
11829.A36.146.6	-0.129620111	-0.120905007	0.116495394
11829.A43.173.20	-0.078653451	-0.055109402	-0.009007141
11829.A37.150.15	0.223970378	-0.05722797	0.09765035
11829.A38.153.18	0.249657992	-0.00205061	0.09379286
11829.A39.157.20	0.127819601	-0.037073508	0.026014871
11829.A38.151.14	0.076330444	0.001139068	-0.03013231
11829.A41.163.14	-0.24857852	-0.146082886	-0.029857039
11829.A36.145.8	-0.350928255	-0.073765838	0.142044672
11829.A41.166.2	0.180309148	0.100778715	0.019396925
11829.A40.162.12	0.122456706	-0.067652587	-0.083035104
11829.A41.165.20	-0.089715968	-0.129488115	-0.161898534
11829.A40.161.18	0.132890431	-0.06614116	-0.010440166
11829.A40.159.13	0.12378435	-0.068672303	-0.089728468
11829.A37.147.13	0.116961373	0.135782965	-0.033976643
11829.A42.169.4	-0.065865905	0.07646843	-0.008633934
11829.A38.152.2	-0.379039739	-0.014512401	0.113123361
11829.A36.146.15	0.141611509	-0.109460746	0.07133034
11829.A36.144.19	0.036394386	0.079308698	-0.05585289
11829.A36.144.17	0.274259007	-0.111637705	0.196296629
11829.A36.145.11	-0.295758859	-0.073282689	0.136402904
11829.A43.172.3	-0.231474942	0.046824376	0.02879875
11829.A40.160.10	-0.072057658	-0.060319638	-0.035603089
11829.A40.161.16	-0.043298829	0.105226414	-0.052663654
11829.A37.149.12	0.055492976	0.196454766	-0.039046871
11829.A41.164.5	0.074347066	0.02904006	-0.02546394
11829.A37.148.14	0.136567855	0.000817261	0.010812955
11829.A36.145.6	-0.366441022	-0.092436124	0.180275394
11829.A38.152.10	0.19727091	-0.098687641	0.115545548
11829.A38.153.16	0.244239352	-0.068198475	0.067525778
11829.A36.144.1	0.271246582	0.136565389	0.091111171
11829.A36.146.8	0.003416361	0.130449103	-0.031113906
11829.A37.147.1	0.301064432	-0.045864578	0.19975335
11829.A41.165.2	-0.159790379	0.261247913	-0.05281365
11829.A43.173.4	-0.126942856	-0.072294804	0.065505763
11829.A39.158.4	-0.278414878	0.229219477	-0.010746256
11829.A38.151.2	-0.324361861	0.196483432	0.04540999
11829.A42.170.4	-0.249123671	-0.101405635	0.12647116
11829.A42.170.3	-0.2078274	0.047103382	0.039471895
11829.A38.151.5	-0.170201343	-0.076707542	0.106708609
11829.A39.158.3	-0.239267429	0.042382872	0.027369683
11829.A43.173.3	-0.213065972	-0.027946195	0.010025515
11829.A41.165.5	-0.126281427	0.096232033	-0.017345781
11829.A37.147.6	-0.237048004	0.051327727	0.044183278
11829.A36.144.6	0.043241613	-0.137105845	0.094439886
11829.A38.153.11	0.265303761	-0.088326014	0.12635953
11829.A38.152.17	0.03803093	-0.084680664	0.025177837
11829.A36.145.1	0.281580466	0.045506399	0.134746583
11829.A37.148.13	0.003778652	0.123857576	-0.068231545
11829.A41.164.2	0.086056508	0.10030204	-0.021272491
11829.A37.149.15	0.209118706	-0.028006625	0.051884903
11829.A40.161.11	0.174815824	-0.177863589	-0.205541407
11829.A40.160.17	0.232067385	-0.186918147	0.010921824
11829.A43.172.4	0.008582264	0.04769399	-0.041879451
11829.A39.158.20	0.140171746	0.099998057	0.060775954
11829.A36.145.16	-0.063448887	0.058465017	-0.001968665
11829.A36.144.10	0.005437288	0.063589897	-0.031743055