sample-id	Axis1_31_2	Axis2_18_3	Axis3_10_9
11829.A45.181.8	-0.193405423	0.171923191	-0.014028082
11829.A37.147.17	-0.254268812	0.128334897	0.185928967
11829.A44.175.10	0.059737385	0.070537004	0.030176419
11829.A36.146.11	-0.112533444	-0.106596819	-0.018981658
11829.A38.152.6	0.225875042	0.048719883	0.07446916
11829.A45.179.13	-0.161950572	0.054488867	-0.26719686
11829.A44.178.7	0.106533915	0.239838954	-0.216519023
11829.A38.151.10	-0.172331149	-0.072974155	0.021589719
11829.A37.149.18	-0.204859489	0.09385431	0.14099801
11829.A44.178.15	0.073576701	0.289878932	-0.187101662
11829.A37.150.11	-0.117796184	-0.005943539	0.01829684
11829.A36.146.2	-0.210010064	-0.110380624	0.049378019
11829.A38.151.8	0.059960309	-0.066190541	-0.030548917
11829.A38.153.1	-0.239520442	-0.171224596	0.0282978
11829.A45.182.6	-0.2648711	0.354054162	-0.217092876
11829.A45.180.8	0.068522405	0.093976981	0.02125069
11829.A39.158.9	-0.059148212	0.101739119	0.07670366
11829.A45.182.1	-0.251559114	-0.041496931	0.097462718
11829.A38.153.6	0.063042338	-0.037632923	-0.003178638
11829.A36.146.5	0.052268557	-0.123546344	-0.050704113
11829.A37.150.16	-0.26510587	0.092764402	0.170619729
11829.A37.148.19	-0.127881078	-0.033152423	0.023370803
11829.A44.178.12	-0.068866383	0.069571969	-0.455012514
11829.A45.179.9	-0.282073669	0.186025975	0.052062835
11829.A38.151.17	-0.193170607	0.042438891	0.106601305
11829.A45.179.14	0.107550197	-0.065759846	-0.183064291
11829.A38.152.1	-0.134083814	-0.436732575	0.029066034
11829.A36.146.16	-0.11647589	0.033850626	0.060407514
11829.A37.147.10	-0.034598144	-0.20703001	-0.036035076
11829.A44.176.13	0.106849999	-0.04556476	-0.064120567
11829.A45.181.1	-0.235768253	-0.193667685	0.040076898
11829.A44.177.15	0.245991674	0.085757412	0.017248946
11829.A36.144.14	0.02595	-0.085900609	-0.02747099
11829.A36.145.12	0.219125629	0.065261147	0.07035085
11829.A36.146.18	-0.162161807	0.040471394	0.072191137
11829.A36.145.5	0.24885539	0.137652309	0.109462196
11829.A38.151.19	-0.170960447	0.015849756	0.076052676
11829.A39.155.21	0.044759211	0.018480713	0.018306076
11829.A38.152.13	0.041088388	-0.192644276	-0.079285543
11829.A38.153.15	-0.167551552	0.05787767	0.073219431
11829.A45.179.7	0.016516423	0.008353842	-0.078749671
11829.A37.149.11	0.243607088	-0.257373733	-0.06404518
11829.A37.148.17	-0.124293439	-0.019502163	0.027163546
11829.A37.147.2	0.069899939	-0.131657546	-0.033403215
11829.A37.150.18	-0.17137131	-0.197252738	0.011519242
11829.A45.181.20	0.045811827	0.104639453	-0.151534284
11829.A36.144.2	0.110885036	-0.274217532	-0.064640853
11829.A38.151.1	-0.10393645	-0.490228558	0.039469634
11829.A38.153.8	-0.169984498	0.115524882	0.121725688
11829.A39.158.7	0.145298573	0.115620023	0.102956711
11829.A45.180.6	0.04623934	0.067095038	-0.006211835
11829.A45.180.1	-0.180624676	-0.300642423	0.002958495
11829.A45.182.8	-0.121619375	0.080172233	-0.071745972
11829.A38.151.6	0.29155787	0.038967025	0.060414427
11829.A36.144.5	0.081270227	0.084185246	0.048398984
11829.A45.180.21	0.273668352	-0.058948013	-0.038757073
11829.A37.147.5	-0.016191368	-0.03005445	0.000765414
11829.A37.148.10	0.074141879	-0.169551618	-0.03150747
11829.A38.154.20	-0.160674258	0.041386603	0.089631387
11829.A37.149.16	-0.114149695	-0.161399154	-0.002685677
11829.A38.153.12	-0.219012271	-0.096864789	0.035156616
11829.A38.152.14	0.030979079	-0.06320649	-0.036940288
11829.A44.178.9	-0.006197199	0.287592777	-0.237510164
11829.A36.145.2	0.290848072	0.014622097	0.066045979
11829.A38.152.8	0.330354957	0.005478229	0.052114744
11829.A36.145.15	0.145598299	0.005618464	-0.000999047
11829.A36.144.13	0.028306744	-0.043330493	-0.018943652
11829.A37.147.19	0.057234668	-0.060216423	-0.012463451
11829.A36.143.21	-0.046687028	-0.06362894	0.001182874
11829.A44.177.12	0.39061388	0.142679769	0.104519379
11829.A45.181.6	-0.42212772	0.424860258	-0.205875918
11829.A44.176.14	0.035231865	0.015210367	-0.07835059
11829.A39.155.6	0.215454445	0.105009441	0.108395217
11829.A44.176.1	-0.236415677	-0.190604252	0.046227086
11829.A39.157.16	-0.163841008	0.07052989	0.095717215
11829.A39.156.10	0.00190738	-0.091351422	-0.029566014
11829.A36.143.5	0.076687185	-0.000638548	0.014744923
11829.A45.179.21	-0.228166283	-0.111266273	-0.28974892
11829.A37.150.3	-0.010664424	-0.069288054	-0.019351189
11829.A45.182.11	-0.138164992	-0.008408579	-0.113653961
11829.A44.177.6	0.144143254	0.18331321	0.045330471
11829.A39.156.8	0.145204345	-0.12743798	-0.055508182
11829.A44.177.1	-0.218693391	-0.278989947	0.02701284
11829.A44.175.8	0.106403724	0.015597556	-0.000979966
11829.A45.182.16	-0.157337751	0.065468803	-0.312749164
11829.A37.150.4	0.187927805	0.004261328	0.031137683
11829.A44.178.20	-0.040224751	0.303868775	-0.246183966
11829.A39.156.17	-0.285730527	0.145889217	0.221303928
11829.A36.143.2	0.028254216	-0.467703766	-0.04510004
11829.A39.157.11	-0.019483613	-0.115214477	-0.019561165
11829.A44.176.6	-0.198689779	0.198721559	-0.187051484
11829.A39.158.18	-0.154697224	-0.091818267	0.01924474
11829.A38.154.8	0.258777203	0.005667092	0.04240557
11829.A39.157.8	0.323911114	0.116832029	0.139750879
11829.A39.155.1	-0.206022916	-0.147468543	0.03726446
11829.A39.157.6	-0.038486795	-0.149831409	-0.047327518
11829.A36.143.14	-0.109032705	-0.076714494	0.000956365
11829.A38.154.6	0.288446955	-0.084012207	0.003567436
11829.A39.158.16	-0.148640694	-0.049287166	0.036757129
11829.A36.145.20	-0.035755176	0.054334036	0.028762661
11829.A44.176.8	0.123855567	-0.074433001	-0.044161758
11829.A38.152.21	0.071661377	-0.07272621	-0.029166234
11829.A39.156.19	-0.183859669	-0.008551267	0.08413623
11829.A39.155.13	-0.086212949	-0.164918908	-0.029314275
11829.A38.154.15	-0.151224531	-0.104741225	-0.000360576
11829.A37.148.3	0.101752858	0.099657701	0.061742409
11829.A37.149.4	0.242361032	0.115120819	0.074190107
11829.A45.180.14	-0.127400698	-0.244220529	-0.053223738
11829.A45.181.12	0.002995742	0.141493673	-0.162571121
11829.A45.182.18	-0.156626039	0.02498991	-0.331978655
11829.A44.175.6	0.309765446	0.044703065	0.049840884
11829.A39.156.1	-0.020016974	-0.512614126	-0.011257377
11829.A39.156.6	-0.083820975	-0.027549512	-0.001034803
11829.A44.177.8	0.163864731	-0.122229798	-0.061963072
11829.A44.175.1	-0.223061577	-0.229487792	0.03091552
11829.A45.181.15	-0.058990581	0.083811008	-0.012934048
11829.A45.180.13	-0.146925425	-0.026990976	-0.14586619
11829.A37.149.3	0.206838458	0.13680404	0.086953259
11829.A37.148.4	-0.032116173	-0.166344343	-0.036670808
11829.A38.154.12	-0.104837713	-0.117947932	-0.018675747
11829.A39.155.14	-0.059012539	-0.137360274	-0.006774005
11829.A38.153.20	-0.091612483	-0.088707646	0.013191797
11829.A39.157.18	-0.090606341	-0.10797036	0.002561238
11829.A36.144.21	-0.159622238	0.113084789	0.107875853
11829.A39.158.11	-0.145388075	0.094556025	0.077982278
11829.A44.177.20	0.10483163	0.14511902	-0.168286601
11829.A36.143.13	-0.139664578	-0.014822568	0.051462755
11829.A39.157.1	-0.205044711	-0.261054768	0.015407378
11829.A39.155.8	0.251135038	0.079919381	0.097325418
11829.A36.143.20	-0.031289261	0.050537367	0.038418817
11829.A37.147.18	0.090331333	-0.06683084	-0.00605505
11829.A44.177.13	0.254921507	-0.02868312	-0.022972693
11829.A45.181.7	-0.173986153	0.119158021	-0.139864942
11829.A44.176.15	0.121526175	0.036301463	-0.02263504
11829.A38.152.9	0.253094333	-0.042127939	0.003617517
11829.A36.145.14	-0.028427784	-0.095061189	-0.013690612
11829.A36.144.12	0.155475769	-0.0715898	-0.036886184
11829.A38.153.13	-0.269550168	0.118074861	0.180733145
11829.A38.152.15	0.028590989	-0.091961737	-0.039049177
11829.A44.178.8	0.220796181	0.129099155	-0.177410499
11829.A36.145.3	0.262609053	0.114392957	0.094874605
11829.A37.148.11	0.038128377	-0.162888137	-0.054659087
11829.A37.149.17	-0.116330599	-0.033813682	0.046442728
11829.A38.154.21	-0.103727031	0.004826346	0.039996902
11829.A45.179.1	-0.254425372	-0.111384424	0.0796725
11829.A37.147.4	0.182986662	0.07419188	0.056595628
11829.A45.180.20	0.048107899	-0.153509122	-0.05764594
11829.A36.144.4	0.037721841	0.147869059	0.075740997
11829.A38.151.7	0.269135234	-0.054521044	0.024493499
11829.A45.182.9	-0.160635907	0.190096168	-0.092223768
11829.A39.158.1	-0.20897707	-0.202734358	0.025458166
11829.A39.158.6	-0.065875983	0.083787362	0.06966609
11829.A45.180.7	0.336587817	0.029238456	0.022735739
11829.A38.153.9	-0.185299848	0.129846934	0.144826373
11829.A37.150.19	-0.193930259	-0.030456634	0.081757719
11829.A45.181.21	0.041976454	-0.026166722	-0.169614946
11829.A36.144.3	0.086499327	0.128617043	0.059345189
11829.A37.147.3	0.066084528	0.097221056	0.057254763
11829.A45.179.6	-0.387683287	0.402990104	-0.214610158
11829.A37.149.10	0.157240058	-0.082058201	-0.012065513
11829.A37.148.16	-0.131628085	-0.227466636	-0.022977643
11829.A36.145.4	0.172155251	0.100310893	0.061678068
11829.A39.155.20	0.067639898	-0.036963081	0.012458303
11829.A38.151.18	-0.210574593	0.065074358	0.134317525
11829.A38.152.12	-0.137570787	-0.037831051	0.007123491
11829.A38.153.14	-0.147966343	-0.093145441	0.000522307
11829.A36.144.15	0.100735914	0.012166479	-0.002314633
11829.A36.145.13	0.190780328	0.073607673	0.063220351
11829.A36.146.19	-0.034385241	-0.013535502	-0.010925535
11829.A44.176.12	0.248786472	0.076518087	-0.025806535
11829.A44.177.14	0.153488667	0.006797102	0.007189263
11829.A37.147.11	-0.041774395	-0.079497751	-0.021674855
11829.A36.146.17	-0.132174222	0.090379382	0.082264115
11829.A38.151.16	0.012336128	-0.058305946	-0.025873
11829.A44.178.1	-0.0908714	-0.448758911	0.037473359
11829.A45.179.15	-0.03001245	-0.180069396	-0.182160126
11829.A37.148.18	-0.031972339	-0.172374158	-0.034960116
11829.A44.178.13	-0.027212054	0.172234982	-0.203276614
11829.A45.179.8	-0.15465972	0.121802204	-0.222089342
11829.A36.146.4	0.000188808	0.016829092	0.007865692
11829.A37.150.17	-0.182608344	0.003680122	0.153184051
11829.A38.153.7	-0.048730981	0.136750599	0.094323693
11829.A45.180.9	0.068640689	-0.029048632	-0.036071516
11829.A39.158.8	0.098197178	-0.205132851	-0.033506573
11829.A45.182.7	-0.208380829	0.187495916	-0.057205963
11829.A38.151.9	0.033315743	-0.064143562	-0.048690176
11829.A37.150.10	0.02305002	-0.20555713	-0.0507456
11829.A36.146.3	-0.122815556	-0.179464787	-0.015353502
11829.A37.149.19	-0.146545642	-0.071256421	0.026117934
11829.A44.178.14	0.009513047	0.205907676	-0.122381334
11829.A45.179.12	-0.117574609	0.045549576	-0.230925162
11829.A44.178.6	0.000264271	0.331575139	-0.219720305
11829.A38.151.11	-0.256530618	0.12614956	0.191430977
11829.A36.146.10	0.005678989	-0.17515826	-0.064145342
11829.A38.152.7	0.411185549	0.096281611	0.123536515
11829.A45.181.9	0.034212366	0.016519968	-0.108324038
11829.A37.147.16	0.009417138	-0.012095092	0.01107585
11829.A44.175.11	0.09735209	-0.112035915	-0.081355503
11829.A44.177.21	0.309472429	0.129410263	0.066037975
11829.A36.143.12	0.147742075	-0.214493855	-0.080096226
11829.A39.155.9	-0.028752152	-0.015960386	0.009976267
11829.A36.144.20	-0.005332385	0.035051475	0.045221487
11829.A39.158.10	-0.02172888	0.026936282	0.029791038
11829.A39.155.15	0.00023377	0.017771894	0.028885952
11829.A39.157.19	-0.158982539	-0.125029606	0.053453598
11829.A38.153.21	-0.06379595	-0.127688606	-0.00839982
11829.A37.148.5	0.081141766	0.107885354	0.064778917
11829.A38.154.13	0.058055682	-0.116151135	-0.053190413
11829.A37.149.2	0.035385353	-0.104043482	-0.030139455
11829.A44.177.9	-0.003945525	0.027784114	-0.071499367
11829.A45.181.14	0.019045119	0.134378899	-0.139171001
11829.A45.180.12	0.021412776	-0.004361174	-0.033677005
11829.A39.156.7	0.195023671	-0.121463671	-0.025303782
11829.A45.180.15	-0.003597901	0.018940219	-0.010699256
11829.A45.181.13	-0.141739432	0.216605286	-0.186332753
11829.A45.182.19	-0.192673444	0.14102602	-0.335244687
11829.A44.175.7	0.104970913	0.082027736	0.011411511
11829.A37.149.5	0.151312183	-0.038419914	-0.009551443
11829.A38.154.14	-0.115730094	-0.112265688	-0.011179428
11829.A37.148.2	-0.119314907	-0.109548219	-0.007396339
11829.A44.176.9	0.12225304	0.08716919	0.044133111
11829.A39.156.18	-0.028279834	-0.005236707	0.021923105
11829.A38.152.20	-0.030404419	-0.035981164	0.018893519
11829.A39.155.12	0.314424266	-0.204429725	-0.040750945
11829.A38.154.7	0.274335408	-0.055432798	0.01478211
11829.A36.145.21	-0.029630117	0.056660833	0.043812937
11829.A39.158.17	-0.169500257	-0.005962094	0.102802431
11829.A39.157.7	-0.181398466	0.127301619	0.148705306
11829.A36.143.15	-0.037876392	-0.143542974	-0.055691196
11829.A39.157.9	-0.115404434	0.086440832	0.095453671
11829.A39.158.19	-0.080722965	-0.039080036	0.043682453
11829.A38.154.9	0.246210303	-0.002304626	0.035674447
11829.A36.143.3	-0.121244726	0.000220974	0.033928098
11829.A39.156.16	-0.056387673	-0.006211035	0.005745814
11829.A39.157.10	-0.186935562	0.071398497	0.127112752
11829.A44.176.7	0.161590054	0.000728043	-0.084710141
11829.A37.150.5	0.078205729	0.100426931	0.049137033
11829.A44.178.21	0.199576607	0.222823797	-0.182803488
11829.A44.175.9	-0.007132917	0.04502935	0.022132194
11829.A45.182.17	-0.18912177	0.016922021	-0.292442706
11829.A39.156.9	-0.09897414	-0.030020952	0.014162134
11829.A45.182.10	-0.046037624	0.008570552	-0.169470238
11829.A44.177.7	0.22743213	0.117901053	0.022492732
11829.A37.150.2	-0.206883072	0.014548963	0.10069989
11829.A39.157.17	-0.273254319	0.137317626	0.218421557
11829.A36.143.4	-0.06368565	0.100989007	0.064904636
11829.A39.156.11	0.120813525	-0.045398446	-0.041732151
11829.A45.179.20	-0.200119052	-0.128576641	-0.241131994
11829.A39.155.7	0.276854217	-0.047193319	0.035742364
11829.A39.158.13	-0.119570378	0.031003849	0.039296689
11829.A38.154.3	0.443859565	0.123660664	0.155035876
11829.A36.143.11	-0.190823502	0.087731842	0.131698721
11829.A39.157.3	0.310668945	-0.155545035	-0.008113023
11829.A37.148.6	0.357880794	0.058499306	0.084952424
11829.A38.154.10	-0.045540644	-0.045680012	-0.017076729
11829.A37.148.20	-0.181192344	-0.004425346	0.074684832
11829.A39.155.16	-0.137984499	-0.02635876	0.043428795
11829.A36.143.9	0.084130254	-0.269796697	-0.067918091
11829.A44.175.3	0.251898836	0.133138146	0.100933613
11829.A45.181.17	0.206947638	-0.094146256	-0.227441277
11829.A45.180.11	0.056986987	-0.011011066	-0.030507897
11829.A37.149.1	-0.284715607	0.123509787	0.226731088
11829.A39.156.4	0.279448414	0.059735869	0.06191101
11829.A39.156.3	0.250023891	0.146908595	0.119515193
11829.A37.149.6	0.188536742	0.006093395	0.041115058
11829.A45.180.16	-0.002682744	0.030373462	-0.013591945
11829.A45.181.10	0.081380117	0.089499012	-0.088635339
11829.A44.175.4	0.204758989	0.13141521	0.066697817
11829.A39.155.11	-0.102698153	-0.003512432	0.004952559
11829.A37.149.21	0.022434765	-0.070427633	-0.02239623
11829.A38.154.17	-0.119127146	-0.008105116	0.039629367
11829.A37.148.1	-0.248322687	-0.196879442	0.048748737
11829.A37.150.8	0.180530274	0.00557912	0.009534294
11829.A39.157.4	-0.136296078	-0.060200297	0.029829617
11829.A36.143.16	0.261109174	-0.128076678	-0.011447343
11829.A38.154.4	0.318206092	0.036697651	0.081594141
11829.A39.158.14	0.046431302	-0.108758678	-0.030052452
11829.A36.143.18	0.060903855	-0.101561918	-0.048494288
11829.A37.147.20	-0.140370479	0.061371787	0.103473325
11829.A39.155.3	0.315149581	0.141328657	0.158060161
11829.A37.150.6	0.204031924	-0.00083776	0.013024729
11829.A38.154.19	0.018629521	0.009235719	0.008390941
11829.A39.156.15	-0.151331917	0.061115448	0.074899785
11829.A39.157.13	0.012625408	-0.172612438	-0.063222781
11829.A44.176.4	-0.04954723	0.156227855	0.082064664
11829.A44.177.3	0.143172723	0.164384655	0.062229008
11829.A45.182.14	-0.186563817	0.111941254	0.032831497
11829.A45.180.18	-0.016036772	-0.213649266	-0.051047425
11829.A37.149.8	0.171990628	-0.071725224	-0.009736534
11829.A45.181.19	-0.009154738	0.065516187	-0.19708777
11829.A45.182.13	-0.270854328	0.218021211	0.025887575
11829.A37.150.21	-0.110649619	-0.117569386	0.006313241
11829.A44.177.4	0.103032014	0.140550014	0.056436415
11829.A44.176.3	0.156709982	0.10630425	0.039666592
11829.A39.157.14	-0.027577537	0.041806073	0.03765827
11829.A36.143.7	0.095601773	-0.267701555	-0.058954257
11829.A39.156.12	-0.142539109	0.004236273	0.031672415
11829.A39.155.18	-0.248203201	0.115526868	0.182159153
11829.A38.151.20	-0.245505793	0.10861567	0.175244902
11829.A37.148.8	0.003466433	0.083915751	0.03696769
11829.A37.150.1	-0.195140151	-0.322001227	0.026437995
11829.A39.155.4	0.246839596	0.029446471	0.0689125
11829.A36.146.21	-0.089305294	0.080591309	0.057308539
11829.A36.145.17	0.201389569	0.089096733	0.065451625
11829.A39.158.21	-0.106727737	-0.120285639	0.056526234
11829.A36.144.11	-0.169864676	0.114796456	0.12007549
11829.A44.177.10	0.046977165	0.000524911	-0.069061789
11829.A45.181.4	-0.31784931	0.345704653	-0.218015785
11829.A37.148.12	-0.019831657	-0.144429143	-0.053271874
11829.A44.178.19	0.110458124	0.233741836	-0.206124639
11829.A37.149.14	-0.154915521	-0.191774246	0.021827172
11829.A45.179.2	-0.095597458	-0.112728456	-0.081767641
11829.A38.153.10	-0.198877517	0.049808884	0.123586318
11829.A38.152.16	-0.131520388	-0.156321656	-0.011663373
11829.A36.144.7	0.309930607	-0.049081495	0.036596052
11829.A37.147.7	0.095464952	0.047748401	0.034045675
11829.A45.180.3	0.307228592	0.136505451	0.110250929
11829.A39.158.2	0.124897794	-0.166311304	-0.031635179
11829.A38.151.4	0.32569526	0.014570296	0.07265575
11829.A38.151.3	0.340958573	0.097820479	0.099656325
11829.A39.158.5	0.165773291	-0.203611508	-0.053017395
11829.A45.180.4	0.107118049	0.109831094	0.025296904
11829.A36.146.9	0.163132783	-0.135351592	-0.031737876
11829.A45.179.18	-0.26718047	0.06718623	-0.099445553
11829.A36.145.7	0.338939432	0.088085062	0.113876043
11829.A38.152.11	-0.170593749	0.087891942	0.098740792
11829.A38.153.17	-0.283101667	0.14002998	0.216873462
11829.A45.179.5	-0.122791293	0.168678629	-0.280816803
11829.A37.149.13	-0.193410082	0.088411828	0.123622254
11829.A37.148.15	-0.015011011	-0.101631446	-0.01701949
11829.A45.181.3	-0.089939742	0.278281776	-0.198956023
11829.A44.176.11	0.324579479	0.00146778	0.041609755
11829.A44.177.17	0.150706263	-0.107191437	-0.057763396
11829.A36.144.16	-0.231089416	0.12334158	0.165649786
11829.A36.145.10	0.284768032	0.001938636	0.056819028
11829.A38.152.3	0.280890888	0.150419839	0.137394163
11829.A36.146.14	-0.097174406	0.022755095	0.033273541
11829.A36.144.18	-0.095176188	-0.095612951	-0.020421475
11829.A44.175.15	-0.109814667	0.019388763	0.01610485
11829.A37.147.12	-0.015474493	-0.060849336	-0.026794839
11829.A44.177.19	0.208078261	0.089481502	-0.064598503
11829.A44.178.10	-0.197236405	0.165891106	0.047246281
11829.A39.157.21	-0.199772205	-0.009849102	0.091425073
11829.A38.153.19	-0.266408007	0.133989748	0.205269709
11829.A38.151.15	-0.14638894	0.022157283	0.083503736
11829.A44.178.2	0.174046467	0.115548823	0.063929251
11829.A36.145.9	0.241080307	0.05053871	0.08126823
11829.A45.179.16	-0.189341288	0.111966217	-0.276621387
11829.A36.146.7	0.220159226	-0.00349767	0.010100898
11829.A37.150.14	-0.195859658	0.026311755	0.098979822
11829.A45.182.3	0.091284751	0.127640741	0.001160427
11829.A38.153.4	0.031075806	0.037598043	0.024586615
11829.A38.153.3	0.032111943	-0.128639246	-0.033634322
11829.A45.182.4	0.10990387	0.045495499	-0.138213545
11829.A37.147.9	-0.102413103	0.087346393	0.079237598
11829.A37.150.13	0.005568369	-0.124391071	-0.051501109
11829.A45.182.21	-0.146862417	-0.050223316	-0.258855358
11829.A36.144.9	-0.205836168	0.113454121	0.149688402
11829.A45.179.11	-0.223244793	0.127530735	-0.146229888
11829.A44.178.5	0.233127275	0.185644257	-0.090911738
11829.A38.151.12	-0.253391233	0.135312955	0.188134451
11829.A39.156.20	-0.160434703	0.045049799	0.114554714
11829.A38.152.18	-0.16466876	-0.087697516	0.032615323
11829.A44.178.17	0.088154894	0.195407361	-0.217799741
11829.A37.147.15	0.052385652	0.032373968	0.031527777
11829.A44.175.12	0.146462424	0.049571937	-0.091926422
11829.A36.145.19	0.19358343	0.06170348	0.042166991
11829.A36.146.13	-0.132144655	-0.011312242	0.035939832
11829.A38.152.4	0.257515216	-0.185452434	-0.039243669
11829.A36.146.20	-0.172385963	0.112340289	0.113124227
11829.A39.155.5	0.163165979	0.147165655	0.108130753
11829.A37.148.9	0.065810754	-0.125722291	-0.038271395
11829.A44.176.2	-0.168044895	-0.100641958	0.010433619
11829.A39.157.15	-0.071642202	0.020114261	0.051504535
11829.A39.156.13	-0.125558174	-0.098625106	-0.014371919
11829.A36.143.6	-0.138534082	0.129605699	0.120234809
11829.A38.151.21	-0.145449761	-0.085528359	0.024819191
11829.A39.155.19	0.019919423	-0.078654699	0.000183518
11829.A45.181.18	0.254731562	0.140185237	-0.034630882
11829.A45.182.12	-0.097692757	0.084274162	0.003207062
11829.A37.150.20	-0.12165105	-0.030369837	0.030241473
11829.A44.177.5	0.291200749	0.091107902	0.036699431
11829.A37.149.9	0.032149729	-0.042771419	-0.013400256
11829.A44.177.2	-0.001895012	0.072947171	0.032875408
11829.A45.182.15	-0.233846768	0.146862925	0.075016838
11829.A45.180.19	0.131666759	-0.142823145	-0.057738788
11829.A39.156.14	-0.191411328	-0.013673495	0.056061661
11829.A36.143.1	-0.204921533	-0.289086233	0.025285795
11829.A39.157.12	-0.188527104	0.115558824	0.134281617
11829.A44.176.5	0.182564616	-0.043006202	-0.014863665
11829.A37.150.7	-0.053844732	-0.312135265	-0.02781393
11829.A38.154.18	-0.214141394	-0.05278434	0.078841033
11829.A37.147.21	0.023257693	-0.117209109	-0.035401384
11829.A36.143.19	-0.070889356	-0.0358736	-0.004001654
11829.A39.155.2	-0.032344077	0.121538012	0.079245695
11829.A38.154.5	0.048698956	-0.02784688	-0.003151711
11829.A39.158.15	-0.107511994	0.048282713	0.060227583
11829.A39.157.5	-0.036562738	0.046747296	0.032869186
11829.A36.143.17	0.025928573	0.009974976	0.020950731
11829.A38.154.16	-0.031910576	0.058163251	0.038967686
11829.A37.149.20	-0.139103707	-0.042209734	0.039333783
11829.A37.150.9	-0.186666609	-0.056346427	0.052774289
11829.A39.155.10	0.13443032	-0.052764095	-0.030480538
11829.A45.180.17	0.256138593	-0.110584664	-0.042544234
11829.A45.181.11	-0.053859072	0.248885439	-0.217139052
11829.A44.175.5	-0.097451572	0.06121075	0.051855658
11829.A37.149.7	0.331771861	-0.091192087	0.015049251
11829.A39.156.2	-0.081716741	-0.193905932	-0.019532416
11829.A39.156.5	0.181623583	-0.216213492	-0.079742762
11829.A44.175.2	0.015495176	-0.160482804	-0.049602838
11829.A45.181.16	-0.056375412	0.033558867	-0.272131883
11829.A45.180.10	0.032835981	-0.110524296	-0.061589807
11829.A39.155.17	-0.034898003	-0.156463266	-0.028832345
11829.A36.143.8	0.09752212	-0.248530308	-0.07083149
11829.A37.148.7	0.169553527	0.003296252	0.018216188
11829.A38.154.11	-0.047913857	-0.137379464	-0.028358328
11829.A37.148.21	-0.162489812	-0.05228132	0.048017443
11829.A36.143.10	-0.150688929	-0.048539859	0.036683311
11829.A39.157.2	0.022143167	-0.164108721	-0.028059011
11829.A39.158.12	0.042992999	-0.092584565	-0.028303288
11829.A38.154.2	0.283099478	-0.100516218	0.004329722
11829.A36.145.18	-0.006484072	0.094432407	0.051406643
11829.A36.146.12	-0.180987094	-0.102871497	0.020082426
11829.A38.152.5	0.133906885	0.091955032	0.055230091
11829.A37.147.14	0.011903045	-0.214444352	-0.043984138
11829.A44.175.13	0.012628361	0.09615994	-0.081565648
11829.A44.178.16	0.054830706	0.240437521	-0.182981555
11829.A45.179.10	-0.215129889	-0.114523764	-0.030587271
11829.A44.178.4	0.321470599	0.214884434	-0.016968097
11829.A38.151.13	-0.090742177	-0.106734989	-0.035896357
11829.A38.152.19	0.073649442	-0.132433289	-0.042853394
11829.A39.156.21	-0.114780784	0.015539375	0.066913767
11829.A37.150.12	-0.117186549	-0.233277319	-0.027139048
11829.A45.182.20	-0.203088007	0.11972017	-0.356206437
11829.A36.144.8	0.277168491	-0.04648611	0.026218086
11829.A36.146.1	-0.058759672	-0.053468427	0.258316587
11829.A37.147.8	0.197090784	-0.107102771	-0.029291496
11829.A45.182.5	-0.1549191	0.30162309	-0.224048543
11829.A38.153.2	0.305626037	-0.060227957	0.039415364
11829.A38.153.5	-0.243363439	0.147944527	0.203462518
11829.A45.182.2	-0.03082277	-0.04234789	-0.064200249
11829.A36.146.6	0.162973189	0.141307188	0.095768756
11829.A37.150.15	-0.184600719	0.036226966	0.130701943
11829.A38.153.18	-0.221642597	0.001373442	0.108558765
11829.A39.157.20	-0.091874854	0.020192076	0.044793865
11829.A38.151.14	-0.041055315	-0.022129659	0.001367048
11829.A44.178.3	0.315878258	0.147645675	0.110645941
11829.A36.145.8	0.38393315	0.079045337	0.119458545
11829.A45.179.17	-0.207978237	-0.051463889	-0.042651525
11829.A44.178.11	0.08557716	0.275042486	-0.178822106
11829.A44.175.14	0.350345608	0.043720111	0.044790722
11829.A37.147.13	-0.085823904	-0.137844739	-0.028952216
11829.A44.177.18	0.183742228	0.141002937	0.044986672
11829.A38.152.2	0.407983172	0.02279099	0.088232389
11829.A36.146.15	-0.102882078	0.104946431	0.075245188
11829.A36.144.19	-0.00569676	-0.09508342	-0.033262233
11829.A36.144.17	-0.238784888	0.127709863	0.17956691
11829.A36.145.11	0.328645709	0.08187062	0.114834036
11829.A45.181.2	0.032412417	0.035256437	-0.008823335
11829.A44.176.10	0.286907983	-0.028608554	0.004125805
11829.A44.177.16	0.093637371	0.079493273	-0.089626865
11829.A45.179.4	-0.026862412	0.209209345	-0.230035632
11829.A37.149.12	-0.018089674	-0.199062277	-0.034281003
11829.A37.148.14	-0.103969705	-0.010403508	0.022627645
11829.A45.179.19	-0.241728911	-0.017201973	-0.240081238
11829.A36.145.6	0.399236025	0.107272374	0.145219757
11829.A38.152.10	-0.163490222	0.106395396	0.106252776
11829.A38.153.16	-0.207494507	0.044230528	0.103371254
11829.A36.144.1	-0.24599094	-0.107017666	0.077256035
11829.A36.146.8	0.032952469	-0.129198838	-0.032017737
11829.A37.147.1	-0.267757793	0.070512114	0.189922628
11829.A39.158.4	0.308330403	-0.209401322	-0.061205996
11829.A45.180.5	-0.014241296	0.095133668	0.019978636
11829.A38.151.2	0.351728937	-0.177007058	-0.008430398
11829.A38.151.5	0.203991263	0.089119959	0.090959536
11829.A45.180.2	-0.114991282	0.102705689	0.064514974
11829.A39.158.3	0.267592145	-0.038226591	0.009079253
11829.A37.147.6	0.265163872	-0.044620745	0.018662686
11829.A36.144.6	-0.004531923	0.150418908	0.088492226
11829.A38.153.11	-0.233721382	0.083102653	0.138184601
11829.A38.152.17	0.00134072	0.074065904	0.044705111
11829.A36.145.1	-0.254268842	-0.020558032	0.130686055
11829.A37.148.13	0.025951076	-0.129821336	-0.06339421
11829.A44.178.18	0.142691548	0.253989583	-0.134948125
11829.A37.149.15	-0.173925844	0.012187486	0.07919966
11829.A45.179.3	0.149469338	0.199533961	-0.230294424
11829.A44.177.11	0.252564996	0.004184704	0.000527898
11829.A45.181.5	-0.288100807	0.227982937	-0.219575332
11829.A39.158.20	-0.113886544	-0.121106216	0.101461544
11829.A36.145.16	0.093636573	-0.049914724	-0.01086342
11829.A36.144.10	0.027219683	-0.070022873	-0.022208158